Category - Level 1;Category - Level 2;Brand;Product Name;Product Description;SKU;Vendor;Regular Price (KSh);Group Buy Price (KSh)
Household care;;;;Tena Serviettes White 100s (12pkts);;AFRICAN COTTON INDUSTRIES LTD;;
Household care;;;;TENA EARBUDS 100S TIN;;AFRICAN COTTON INDUSTRIES LTD;;
TKB;;;;ARYUV BABY WIPES 80S;;ARYUV AGENCIES LTD;;
TKB;;;;ARYUV BABY WIPES 30'S TRAVEL PACK;;ARYUV AGENCIES LTD;;
TKB;;;;ARYUV ANTI BACT WET TISSUE 10S;;ARYUV AGENCIES LTD;;
Food Cupboard;;;;ROYAL UMBRELLA COCONUT MILK 400ML;;ARYUV AGENCIES LTD;;
Beauty & Hygiene;;;;NIVEA C/BUTTER MILK LTN 400ML;;BEIERSDORF EAST AFRICA LTD;;
Beauty & Hygiene;;;;NIVEA COOL KICK ROLL-ON MEN 50;;BEIERSDORF EAST AFRICA LTD;;
Beauty & Hygiene;;;;NIVEA FRESH R/ON MEN 50ML;;BEIERSDORF EAST AFRICA LTD;;
Beauty & Hygiene;;;;NIVEA PEARL BEAUTY ROLL-ON 50M;;BEIERSDORF EAST AFRICA LTD;;
Household Care;;;;BIC FINE POINT BLUE BALL PEN;;BIC EAST AFRICA LIMITED;;
Food Cupboard;;;;BIC FINE POINT BLACK BALL PEN;;BIC EAST AFRICA LIMITED;;
Beauty & Hygiene;;;;BIC 1 SINGLE SHAVE POUCH;;BIC EAST AFRICA LIMITED;;
FMCG;Beauty;Arimis;Arimis Milking Jelly - 200g;ARIMIS MILKING JELLY 200G;;TRI CLOVER INDUSTRIES (K) LTD.;Ksh82.00;Ksh80.00
Food Cupboard;;;;GOLDEN FRY 2 LTR;;BIDCO AFRICA LIMITED;;
FMCG;Tea, Coffee & Hot Chocolate;Fahari;Fahari Ya Kenya Tea - 100g;FAHARI YA KENYA TEA 100GM;;KENYA TEA PACKERS LIMITED;Ksh47.00;Ksh43.00
Food Cupboard;;;;GOLDEN FRY 3 LTR;;BIDCO AFRICA LIMITED;;
Food Cupboard;;;;UFUTA COOKING OIL 2LTR;;BIDCO AFRICA LIMITED;;
Food Cupboard;;;;NOODIES TOMATO & ONION FLAVOR 120G;;BIDCO AFRICA LIMITED;;
Beverages;;;;DORMANS INSTANT STICK SPRAYDRIED 2G;;DORMANS COFFEE LIMITED;;
FMCG;Household Cleaner;;;WHITE STAR BAR SOAP 800GM;;BIDCO AFRICA LIMITED;;
Food Cupboard;;;;P.K JUICY FRUIT 10 S;;BOWIP AGENCIES LIMITED;;
Food Cupboard;;;;P.K PEPPERMINT 10S;;BOWIP AGENCIES LIMITED;;
Food Cupboard;;;;P.K MENTHOL 10S;;BOWIP AGENCIES LIMITED;;
Food Cupboard;;;;BRITANIA MILKY BISCUIT 200G;;BRITANIA FOODS LIMITED;;
Commodity;Milk;;;BROOKSIDE DAIRYBEST MILK 500ML;;BROOKSIDE DAIRY LTD.;;
Beauty & Hygiene;;;;GILLETTE 2 DISPOSABLE 1 S;;HASBAH KENYA LTD.;;
Household care;;;;Toilex Unwrapped Toilet Tissue - 4's X 12 Packs;;CHANDARIA INDUSTRIES LIMITED;;
TKB;;;;CUSSONS BABY S&S SOAP 100G;;PZ CUSSONS EAST AFRICA LTD;;
Food Cupboard;;;;TEEPEE MINI SCRUB/BRUSH A9;;BRUSH MANUFACTURERS LIMITED;;
Commodity;Flours;Soko;Soko Maize Meal - 2Kg;SOKO MAIZE MEAL 2KG;;CAPWELL INDUSTRIES LTD.;Ksh107.00;Ksh103.00
FMCG;Pasta & Noodles;;;RANEE SPAGHETTI STANDARD 400G;;CAPWELL INDUSTRIES LTD.;;
TKB;;;;CUSSONS BABY M&G SOAP100G;;PZ CUSSONS EAST AFRICA LTD;;
Beauty & Hygiene;;;;COLGATE DENTAL CREAM 35G;;COLGATE-PALMOLIVE (E.A) LIMITED.;;
Food Cupboard;;;;CIL PISHORI AROMATIC RICE 1KG;;CAPWELL INDUSTRIES LTD.;;
Food Cupboard;;;;PEARL MASOOR DAAL/KAMANDE 1KG;;CAPWELL INDUSTRIES LTD.;;
Food Cupboard;;;;PEARL GREEN GRAM 500G;;CAPWELL INDUSTRIES LTD.;;
TKB;;;;CUSSONS BABY M&G POWDER 50G;;PZ CUSSONS EAST AFRICA LTD;;
Home care;;;;GILLETTE BLUE 11 DISPOSABLE 1;;HASBAH KENYA LTD.;;
Household Care;;;;TOILEX JUMBO JNR TISSUE;;CHANDARIA INDUSTRIES LIMITED;;
Household Care;;;;TOILEX WHITE T/PAPER 4PACK;;CHANDARIA INDUSTRIES LIMITED;;
Household care;;;;VELVEX ALLUMINIUM FOIL 45CM*5M;;CHANDARIA INDUSTRIES LIMITED;;
Beauty & Hygiene;;;;Velvex White Cotton Wool - 200 Grams - 30 Rolls;;CHANDARIA INDUSTRIES LIMITED;;
Household care;;;;Toilex Wrapped Toilet Tissue - 40 Rolls;;CHANDARIA INDUSTRIES LIMITED;;
Household care;;;;Toilex Unwrapped Toilet Tissue -10's X 4 Packs;;CHANDARIA INDUSTRIES LIMITED;;
Household care;;;;Toilex Jumbo Wrapped 100m Toilet Paper-12 Rolls;;CHANDARIA INDUSTRIES LIMITED;;
Household care;;;;Velvex White Standard Serviettes - 60 Packets;;CHANDARIA INDUSTRIES LIMITED;;
Household Care;;;;Dettol Soap Eventone Pomegranate 90g (Buy 5pcs Get 1pc FREE);;Towfiq Kenya Limited;;
Beauty & Hygiene;;;;COLGATE HERBAL T/PASTE 70G;;COLGATE-PALMOLIVE (E.A) LIMITED.;;
FMCG;Hygiene;;;COLGATE HERBAL T/PASTE 35G;;COLGATE-PALMOLIVE (E.A) LIMITED.;;
FMCG;Hygiene;;;ALWAYS MAXI/T EXTRA LONGDUO 8*14;;HASBAH KENYA LTD.;;
Beverages;;;;DELMONTE TROPICAL FRUIT 1L BL;;DEL MONTE KENYA LTD;;
Beverages;;;;DELMONTE MANGO JUICE 250ML BL;;DEL MONTE KENYA LTD;;
Food Cupboard;;;;DAIMA ESL FRESH MILK 500ML;;DEVYANI FOOD INDUSTRIES(KENYA) LTD;;
Food Cupboard;Milk;Daima;Daima Uht - 500Ml;DAIMA UHT 500ML;;DEVYANI FOOD INDUSTRIES(KENYA) LTD;Ksh46.00;Ksh45.00
Beverages;;;;AQUACLEAR MINERAL WATER 500ML;;DEVYANI FOOD INDUSTRIES(KENYA) LTD;;
Beverages;;;;AQUACLEAR MINERAL WATER 1LTR;;DEVYANI FOOD INDUSTRIES(KENYA) LTD;;
Beverages;;;;EXCEL PREM DRINKING WATER 500M;;EXCEL CHEMICALS LTD.;;
Beverages;;;;EXCEL PREM DRINKING WATER 1LTR;;EXCEL CHEMICALS LTD.;;
Beverages;;;;EXCEL PREM DRINKING WATER 1.5L;;EXCEL CHEMICALS LTD.;;
Beverages;;;;FRUITFULL MANGOE 100ML T/PAK;;EXCEL CHEMICALS LTD.;;
Beverages;;;;FRUITFULL B/BERRY GRAPE 100ML T/PAK;;EXCEL CHEMICALS LTD.;;
Beverages;;;;FRUITFULL S/BERRY APPLE 100ML T/PAK;;EXCEL CHEMICALS LTD.;;
Household Care;;;;ZENTA SOAP CREAM 1KG;;GOLDEN AFRICA KENYA LIMITED;;
Food Cupboard;;;;PIKA VEGETABLE OIL 2L;;GOLDEN AFRICA KENYA LIMITED;;
Commodity;Flours;Ajab;Ajab Home Baking - 2Kg;AJAB HOME BAKING 2KG;;GRAIN INDUSTRIES LIMITED;Ksh146.00;Ksh141.00
Commodity;Flours;;;AJAB HOME BAKING 1KG;;GRAIN INDUSTRIES LIMITED;;
Household Care;;;;ARIEL TOUCH OF DOWNY 1KG;;HASBAH KENYA LTD.;;
Household Care;;;;ARIEL TOUCH OF DOWNY 500G;;HASBAH KENYA LTD.;;
Household Care;;;;ARIEL DETERGENT 1KG;;HASBAH KENYA LTD.;;
Food Cupboard;;;;Indomie - Chicken 5 In 1 (8 Packs/Carton - 40 Pcs);;Indomie Kenya/ Salim Wazaran;;
Food Cupboard;;;;PEARL GREEN GRAM 1KG;;CAPWELL INDUSTRIES LTD.;;
TKB;;;;NAN 2 HA 400GM;;NESTLE KENYA LIMITED;;
Hygiene;;;;ORAL-B 123 40 MEDIUM T/BRUSH;;HASBAH KENYA LTD.;;
TKB;;;;PAMPERS PANTS JUNIOR 8*8;;HASBAH KENYA LTD.;;
Commodity;Flours;Pembe;Pembe Maize Meal - 2Kg;PEMBE MAIZE MEAL 2KG;;PEMBE FLOUR MILLS LTD;Ksh104.00;Ksh99.00
TKB;;;;PAMPERS JUNIOR UNISEX 8*8;;HASBAH KENYA LTD.;;
Food Cupboard;;;;ECONOMY WHITE SUGAR 2KG;;HEYKAL PACKERS & DISTRIBUTORS LIMITED;;
Food Cupboard;;;;Supa Mojo Noodles - 120g Jumbo;;Indomie Kenya/ Salim Wazaran;;
Fresh;Bread;Festive;Festive Brown - 400g;Festive Brown - 400gr;;Festive;Ksh50.00;Ksh48.00
Fresh;Bread;Festive;Festive Brown - 600g;Festive Brown - 600gr;;Festive;Ksh74.00;Ksh71.00
Food Cupboard;;;;Beef 5 In 1 (8 Packs/Carton - 40 Pcs);;Indomie Kenya/ Salim Wazaran;;
Food Cupboard;;;;NUTEEZ P/BUTTER SMOOTH 400G;;JETLAK FOODS LIMITED;;
Food Cupboard;;;;NUTRAMEAL PACKED SUGAR 2KG;;KAMILI PACKERS LIMITED;;
Food Cupboard;;;;KAMILI ROSCOCO BROWN BEANS 1KG;;KAMILI PACKERS LIMITED;;
Food Cupboard;;;;KAMILI NYAYO BEANS 1KG;;KAMILI PACKERS LIMITED;;
Food Cupboard;;;;KAMILI N/MEAL RED LENTILS 1KG;;KAMILI PACKERS LIMITED;;
Food Cupboard;;;;KAMILI GREEN GRAMS POL 1KG;;KAMILI PACKERS LIMITED;;
Food Cupboard;;;;KAMILI IMP POPCORN 1KG;;KAMILI PACKERS LIMITED;;
Food Cupboard;;;;KAMILI BLACK BEANS (NJAHI) 1KG;;KAMILI PACKERS LIMITED;;
Food Cupboard;;;;CHAPA MANDASHI BAKING PWD 100G;;KAPA OIL REFINERIES LTD;;
Household Care;;;;JAMAA WHITE BAR SOAP 800GM;;KAPA OIL REFINERIES LTD;;
Food Cupboard;;;;RINA VEGETABLE OIL 2LTR JERRIC;;KAPA OIL REFINERIES LTD;;
Food Cupboard;;;;PRESTIGE MARGARINE VANILLA 500G;;KAPA OIL REFINERIES LTD;;
Food Cupboard;;;;PRESTIGE MARGARINE(ORIGINAL)500G;;KAPA OIL REFINERIES LTD;;
Household Care;;;;TOSS DETERGENT POWDER 500GM;;KAPA OIL REFINERIES LTD;;
Fresh;Bread;Festive;Festive White - 400g;Festive White - 400gr;;Festive;Ksh50.00;Ksh48.00
Fresh;Bread;Festive;Festive White - 600g;Festive White - 600gr;;Festive;Ksh74.00;Ksh71.00
FMCG;Pasta & Noodles;Indomie;Indomie Beef - 120g;Beef - 120g Jumbo Pack;;Indomie Kenya/ Salim Wazaran;Ksh29.00;Ksh27.00
Commodity;Flours;;;FAMILA PURE WIMBI 1KG;;UNGA LIMITED.;;
FMCG;Pasta & Noodles;Indomie;Indomie Chicken - 120g;Indomie - Chicken 120g;;Indomie Kenya/ Salim Wazaran;Ksh29.00;Ksh27.00
Beverages;;;;NESCAFE CLASSIC 100GM JAR;;NESTLE KENYA LIMITED;;
Commodity;Flours;;;JOGOO MAIZE MEAL 2KG;;UNGA LIMITED.;;
FMCG;Cooking Ingredient;Kensalt;Kensalt - 1Kg;KENSALT 1KG;;KENSALT LIMITED;Ksh34.00;Ksh28.00
Beverages;;;;PICK N PEEL TROPICAL JUICE 1L;;KEVIAN KENYA LTD.;;
Beverages;;;;PICK N PEEL MANGO JUICE 1LTR;;KEVIAN KENYA LTD.;;
Beverages;;;;PICK N PEEL APPLE JUICE 1 LTR;;KEVIAN KENYA LTD.;;
Beverages;;;;PICK N PEEL ORANGE JUICE 1LTR;;KEVIAN KENYA LTD.;;
Beauty & Hygiene;;;;KOTEX ULTRATHIN SUPER DUO 16'S;;KIM-FAY EAST AFRICA LIMITED;;
Beauty & Hygiene;;;;KOTEX ULTRATHIN NIGHT TIME 7S;;KIM-FAY EAST AFRICA LIMITED;;
Beauty & Hygiene;;;;KOTEX ULTRATHIN SUPER 8'S;;KIM-FAY EAST AFRICA LIMITED;;
Beauty & Hygiene;;;;KOTEX PANT LINERS 20S REGULAR;;KIM-FAY EAST AFRICA LIMITED;;
Beauty & Hygiene;;;;KOTEX ULTRATHIN NORMAL DUO 16'S;;KIM-FAY EAST AFRICA LIMITED;;
Commodity;Rice;;;SUNRICE BASMATI RICE 2KG;;KRISH COMMODITIES LTD;;
Commodity;Rice;;;SUNRICE BASMATI RICE 1KG;;KRISH COMMODITIES LTD;;
Beauty;;;;N&L PURE GLYCERINE 110ML;;L'OREAL EAST AFRICA LTD;;
Beauty;;;;N&L COCOA BUTTER LOTION 400ML;;L'OREAL EAST AFRICA LTD;;
FMCG;Cooking Ingredient;Kensalt;Kensalt - 200G;KENSALT 200G;;;;
Household Care;;;;ARIEL DETERGENT 500GM;;HASBAH KENYA LTD.;;
Food Cupboard;;;;TOP FRY VEGETABLE OIL 3LTR;;MENENGAI OIL REFINERIES LTD;;
Food Cupboard;;;;TOP FRY VEGETABLE OIL 2LTR;;MENENGAI OIL REFINERIES LTD;;
FMCG;Hygiene;;;MENENGAI LEMON B/SOAP 900G;;MENENGAI OIL REFINERIES LTD;;
Food Cupboard;;;;DAAWAT G/LABEL SPAGHETTI 400G;;MJENGO LIMITED;;
Food Cupboard;;;;DAAWAT LONG GRAIN RICE 2KG;;MJENGO LIMITED;;
Food Cupboard;;;;NUVITA CEREOS HONEY&CINNAMON 75G;;MJENGO LIMITED;;
Food Cupboard;;;;RICO STRAWBERRY JAM 380G;;MJENGO LIMITED;;
Household Care;;;;MENENGAI CREAM B/SOAP 800G;;MENENGAI OIL REFINERIES LTD;;
Beverages;;;;KERINGET MINERAL WATER 500ML;;NAIROBI BOTTLERS LIMITED;;
Beverages;;;;COKE SODA 500ML PET;;NAIROBI BOTTLERS LIMITED;;
Beverages;;;;FANTA PASSION 500ML PET;;NAIROBI BOTTLERS LIMITED;;
Beverages;;;;FANTA ORANGE 500ML-PET;;NAIROBI BOTTLERS LIMITED;;
Household Care;;;;Dettol Soap Original 90g (Buy 5pcs Get 1pc FREE);;TOWFIQ KENYA LTD;;
Household Care;;;;Dettol Soap Cool 90g (Buy 5pcs Get 1pc FREE);;TOWFIQ KENYA LTD;;
Household Care;;;;Dettol Soap Herbal 90g (buy 5pc Get 1 FREE);;TOWFIQ KENYA LTD;;
Beverages;;;;SPRITE SODA 500ML PET;;NAIROBI BOTTLERS LIMITED;;
Beverages;;;;COKE SODA 2LT;;NAIROBI BOTTLERS LIMITED;;
Beverages;;;;KERINGET MINERAL WATER 1LTR;;NAIROBI BOTTLERS LIMITED;;
Beverages;;;;DASANI MINERAL WATER 500ML;;NAIROBI BOTTLERS LIMITED;;
Food Cupboard;;;;DASANI MINERAL WATER 1LTR;;NAIROBI BOTTLERS LIMITED;;
Beverages;;;;MINUTE MAID DELIGHT TROPICAL 400ML CCL;;NAIROBI BOTTLERS LIMITED;;
Beverages;;;;MINUTE MAID PULPY ORANGE 400ML;;NAIROBI BOTTLERS LIMITED;;
Beverages;;;;MINUTE MAID DELIGHT MANGO 400ML PET CCI;;NAIROBI BOTTLERS LIMITED;;
Beverages;;;;MINUTE MAID DELIGHT APPLE 400ML PET CCI;;NAIROBI BOTTLERS LIMITED;;
Beverages;;;;MINUTE MAID TROPICAL 1L;;NAIROBI BOTTLERS LIMITED;;
Beverages;;;;FANTA PASSION 2LTR;;NAIROBI BOTTLERS LIMITED;;
FMCG;Tea, Coffee & Hot Chocolate;;;MILO NESTLE 10GM SATCHET;;NESTLE KENYA LIMITED;;
FMCG;Cereals;;;CERELAC WHEAT 50G SATCHET;;NESTLE KENYA LIMITED;;
Beverages;;;;NESCAFE BLEND&BREW 19GM;;NESTLE KENYA LIMITED;;
Beverages;;;;NESCAFE CLASSIC 50GM JAR;;NESTLE KENYA LIMITED;;
Beverages;;;;FANTA ORANGE 2LTR;;NAIROBI BOTTLERS LIMITED;;
Beverages;;;;MILO NESTLE 400GM TIN;;NESTLE KENYA LIMITED;;
Beverages;;;;MILO ACTIGEN E 200G TIN;;NESTLE KENYA LIMITED;;
Food Cupboard;;;;NESTLE CEREVITA HONEY 30G;;NESTLE KENYA LIMITED;;
TKB;;;;NAN 1 B 400GM;;NESTLE KENYA LIMITED;;
Food Cupboard;;;;MAGGI CUBE FORTIFIED 50*4GM;;NESTLE KENYA LIMITED;;
TKB;;;;CERELAC BANANA 200GM PKT;;NESTLE KENYA LIMITED;;
TKB;;;;CERELAC WHEAT REGULAR 200G PKT;;NESTLE KENYA LIMITED;;
TKB;;;;CERELAC WHEAT REGULAR 400G PKT;;NESTLE KENYA LIMITED;;
TKB;;;;NAN 2 B 400GM;;NESTLE KENYA LIMITED;;
TKB;;;;CERELAC BANANA 400GM PKT;;NESTLE KENYA LIMITED;;
Food Cupboard;;;;NESTLE CEREVITA MARIE BISCUIT 420G;;NESTLE KENYA LIMITED;;
TKB;;;;NAN 3 PROBIOTIC MILK 400GM;;NESTLE KENYA LIMITED;;
Food Cupboard;;;;NESTLE CEREVITA HONEY 420G;;NESTLE KENYA LIMITED;;
Food Cupboard;;;;SPRITE SODA 2LT;;NAIROBI BOTTLERS LIMITED;;
TKB;;;;CERELAC WHEAT+ BANANA 350G TIN;;NESTLE KENYA LIMITED;;
Commodity;Milk;;;K.C.C GOLD CROWN FINO MILK 500;;NEW KENYA COOPERATIVE CREAMERIES LTD;;
Commodity;Milk;;;K.C.C FRESH W/FINO MILK 500ML;;NEW KENYA COOPERATIVE CREAMERIES LTD;;
Commodity;Milk;;;K.C.C GOLD CROWN 500ML POUCH;;NEW KENYA COOPERATIVE CREAMERIES LTD;;
Food Cupboard;;;;URBAN BITES FUNKY F/CHUTNEY 30G;;NORDA INDUSTRIES LIMITED;;
Food Cupboard;;;;BITEZ BARBEQUE CORN 33G PLAIN;;NORDA INDUSTRIES LIMITED;;
Food Cupboard;;;;Urban Bites Potato Crisps - Assorted - 120g - 16 Pkts;;NORDA INDUSTRIES LIMITED;;
Food Cupboard;;;;Urban Bites Potato Crisps - Assorted - 30g – 48 Pkts;;NORDA INDUSTRIES LIMITED;;
Food Cupboard;;;;Cribaz Potato Crisps - Assorted - 100g - 24 Pkts;;NORDA INDUSTRIES LIMITED;;
Food Cupboard;;;;Cribaz Potato Crisps - Assorted - 50g - 48 Pkts;;NORDA INDUSTRIES LIMITED;;
Food Cupboard;;;;Bitez Barbeque Sauce - Value Pack - 33g - 30Pkts;;NORDA INDUSTRIES LIMITED;;
Food Cupboard;;;;Ringoz BARBEQUE 50 pkts of 15 gms;;NORDA INDUSTRIES LIMITED;;
Food Cupboard;;;;Ringoz STRIPS PAPRIKA 10x5 pkts of 15 gms;;NORDA INDUSTRIES LIMITED;;
Household care;;;;Toilex Wrapped Toilet Tissue - 10's X 4 Packs;;CHANDARIA INDUSTRIES LIMITED;;
Food Cupboard;;;;PEMBE H/BAKING 2KG;;PEMBE FLOUR MILLS LTD;;
FMCG;Sauces;;;PEP TOMATO SAUCE 20GM SATCHET;;PREMIER FOOD INDUSTRIES LIMITED;;
Food Cupboard;;;;PEP TOMATO PASTE 70G POUCH;;PREMIER FOOD INDUSTRIES LIMITED;;
Food Cupboard;;;;PEP TOMATO SAUCE 400GM;;PREMIER FOOD INDUSTRIES LIMITED;;
Food Cupboard;;;;PEP RED PLUM JAM(F/POWER) 500G;;PREMIER FOOD INDUSTRIES LIMITED;;
Food Cupboard;;;;PEP TOMATO KETCHUP 400ML;;PREMIER FOOD INDUSTRIES LIMITED;;
Food Cupboard;;;;PEP MIXED JAM F/POWER 500GM;;PREMIER FOOD INDUSTRIES LIMITED;;
Food Cupboard;;;;WOW SUGARED 100GM;;PROMASIDOR (K) LTD;;
Food Cupboard;;;;SOSSI CHUNKS SOYA 90GM;;PROMASIDOR (K) LTD;;
FMCG;Milk;;;MIKSI MILK POWDER 250G SATCH;;PROMASIDOR (K) LTD;;
FMCG;Milk;;;MIKSI MILK POWDER 500G SATCHET;;PROMASIDOR (K) LTD;;
Food Cupboard;;;;KRACKLES TANGY TOMATO TOON 30G;;PROPACK KENYA LTD;;
Food Cupboard;;;;KRACKLES TANGY TOMATO 30GM;;PROPACK KENYA LTD;;
Food Cupboard;;;;KRACKLES PERFECTLY SALTED TOON 30G;;PROPACK KENYA LTD;;
Food Cupboard;;;;KRACKLES SALTED P/CRISPS 30GM;;PROPACK KENYA LTD;;
Food Cupboard;;;;KRACKLES BAR-BE-QUE CRISPS 30G;;PROPACK KENYA LTD;;
Food Cupboard;;;;KRACKLES BANG BANG CHILLI 30GM;;PROPACK KENYA LTD;;
Food Cupboard;;;;KRACKLES TINGLY C/ONION 30GM;;PROPACK KENYA LTD;;
Food Cupboard;;;;KRACKLES ZINGY SALT& VINE 30GM;;PROPACK KENYA LTD;;
Food Cupboard;;;;FRESH FRI COOKING OIL 2LTR;;PWANI OIL PRODUCTS LTD;;
Beauty & Hygiene;;;;IMP.LEATHER CLASSIC SOAP 175G B2G1;;PZ CUSSONS EAST AFRICA LTD;;
Beauty & Hygiene;;;;ROBERTS ANTISEPTIC LIQ.250ML;;PZ CUSSONS EAST AFRICA LTD;;
Food Cupboard;;;;EXE ALL PURPOSE FLOUR 2KG;;UNGA LIMITED.;;
Household Care;;;;MENENGAI CREAM B/SOAP 1KG;;MENENGAI OIL REFINERIES LTD;;
Beauty & Hygiene;;;;ROBERTS ANTISEPTIC LIQ.100ML;;PZ CUSSONS EAST AFRICA LTD;;
Food Cupboard;;;;SNICKERS STD SINGLE BAR 50G;;RADBONE-CLARK KENYA LIMITED.;;
Food Cupboard;;;;MARS SNICKERS TWIN PACK 80G;;RADBONE-CLARK KENYA LIMITED.;;
Food Cupboard;;;;JOHNSONS BABY SOAP WHITE 100G;;RADBONE-CLARK KENYA LIMITED.;;
TKB;;;;JOHNSONS B/BEDTIME SOAP 100G;;RADBONE-CLARK KENYA LIMITED.;;
TKB;;;;JOHNSONS BABY LTN SOAP 100G;;RADBONE-CLARK KENYA LIMITED.;;
TKB;;;;JOHNSONS BABY OIL SOAP 100G;;RADBONE-CLARK KENYA LIMITED.;;
TKB;;;;JOHNSONS BABY OIL 50ML;;RADBONE-CLARK KENYA LIMITED.;;
Beauty & Hygiene;;;;LISTERINE COOL MINT 250ML;;RADBONE-CLARK KENYA LIMITED.;;
TKB;;;;JOHNSONS BABY POWDER 100G;;RADBONE-CLARK KENYA LIMITED.;;
Householdcare;;;;KIWI BLACK POLISH 100ML;;S.C. JOHNSON & SON KENYA LIMITED;;
Householdcare;;;;KIWI BLACK POLISH 40ML;;S.C. JOHNSON & SON KENYA LIMITED;;
Householdcare;;;;KIWI BLACK SHOE POLISH 25ML;;S.C. JOHNSON & SON KENYA LIMITED;;
Householdcare;;;;GLADE GEL LEMON 70GM;;S.C. JOHNSON & SON KENYA LIMITED;;
Householdcare;;;;KIWI BLACK SHOE POLISH 15ML;;S.C. JOHNSON & SON KENYA LIMITED;;
Householdcare;;;;GLADE GEL A/F LAVENDER 70GM;;S.C. JOHNSON & SON KENYA LIMITED;;
Householdcare;;;;GLADE A/F LAVENDER 300ML;;S.C. JOHNSON & SON KENYA LIMITED;;
Food Cupboard;;;;SANTA LUCIA SPAGHETTI 400G;;SMART BRANDS LIMITED;;
Food Cupboard;;;;SANTA LUCIA SPAGHETTI 500GM;;SMART BRANDS LIMITED;;
Food Cupboard;;;;SANTA LUCIA SPAGHETTI 1KG;;SMART BRANDS LIMITED;;
Food Cupboard;;;;S.W.L GREENGRAM POLISHED 1KG;;SPICE WORLD LTD.;;
Food Cupboard;;;;S.W.L MASOOR KAMANDE 1KG;;SPICE WORLD LTD.;;
Food Cupboard;;;;S.W.L GREENGRAM POLISHED 500G;;SPICE WORLD LTD.;;
Food Cupboard;;;;S.W.L YELLOW BEANS 1KG;;SPICE WORLD LTD.;;
Food Cupboard;;;;S.W.L GREENGRAM MUNG 1KG;;SPICE WORLD LTD.;;
Beverages;;;;RIBENA BLACKCURRANT 250ML;;SUNTORY BEVERAGE& FOOD KENYA LIMITED;;
Beverages;;;;LUCOZADE BOOST 250ML;;SUNTORY BEVERAGE& FOOD KENYA LIMITED;;
Beverages;;;;RIBENA BLACKCURRANT 1LTR;;SUNTORY BEVERAGE& FOOD KENYA LIMITED;;
TKB;;;;HANNAN SENSITIVE WIPES 72'S;;ZENKO KENYA LIMITED;;
Household Care;;;;Dettol Soap Eventone 90g (Buy 5pcs Get 1pc FREE);;Towfiq Kenya Limited;;
Beauty & Hygiene;;;;DETTOL ORIGINAL M/SOAP 90G;;TOWFIQ KENYA LTD;;
Beauty & Hygiene;;;;DETTOL HERBAL M/SOAP 90G;;TOWFIQ KENYA LTD;;
Food Cupboard;;;;BROOKSIDE UHT MILK 1 LTR;;BROOKSIDE DAIRY LTD.;;
Household Care;;;;Dettol Soap Original 175g (4 Pcs);;TOWFIQ KENYA LTD;;
Beverages;;;;FAHARI YA KENYA TEA 250GM;;KENYA TEA PACKERS LIMITED;;
Beauty & Hygiene;;;;COLGATE HERBAL T/PASTE 140G;;COLGATE-PALMOLIVE (E.A) LIMITED.;;
Household Care;;;;Soap Eventone 90g (Buy 3 Get 3 Free);;TOWFIQ KENYA LTD;;
Household Care;;;;Mortein Doom Powergard Crawling Insect Killer - 180ml - 12 Units;;TOWFIQ KENYA LTD;;
Household Care;;;;Mortein Doom Powergard All Insect Killer Lemon - 180ml - 12 Units;;TOWFIQ KENYA LTD;;
Household Care;;;;Mortein Doom Powergard All Insect Killer Original - 180ml - 12 Units;;TOWFIQ KENYA LTD;;
Household Care;;;;Dettol Liquid 125ml (Buy 10pc Get 2pc FREE);;TOWFIQ KENYA LTD;;
Household Care;;;;Airwick Lavender - 30gm - 24 Units;;TOWFIQ KENYA LTD;;
Household Care;;;;Harpic Power Plus - 200ml - 36 Units;;TOWFIQ KENYA LTD;;
Household Care;;;;Harpic Power Plus-500ml(12 Pack) + 200ml Free;;TOWFIQ KENYA LTD;;
Household Care;;;;Harpic Power Plus Citrus - 500ml - 24 Units;;TOWFIQ KENYA LTD;;
Household Care;;;;Harpic Power Plus Citrus 500ml(12Units) + 200ml;;TOWFIQ KENYA LTD;;
Household Care;;;;Harpic Power Plus Lavender - 500ml - 24 Units;;TOWFIQ KENYA LTD;;
Household Care;;;;Harpic Stain & Germ - 500ml - 24 Units;;TOWFIQ KENYA LTD;;
Household Care;;;;Jik Bleach Regular - 250ml - 18 Units;;TOWFIQ KENYA LTD;;
FMCG;Cooking Ingredient;Kensalt;Kensalt - 500G;KENSALT 500G;;KENSALT LIMITED;Ksh19.00;Ksh17.00
Beauty & Hygiene;;;;ARIMIS MILKING SALVE 90GM;;TRI CLOVER INDUSTRIES (K) LTD.;;
Beauty & Hygiene;;;;ARIMIS MILKING SALVE 50GM;;TRI CLOVER INDUSTRIES (K) LTD.;;
Food Cupboard;;;;DEEPA SALTED POTATO CRISP 50G;;TROPICAL HEAT LIMITED;;
Food Cupboard;;;;DEEPA KENYAN CHEVDA 50GM;;TROPICAL HEAT LIMITED;;
Food Cupboard;;;;ZESTA RED PLUM JAM 500GM;;TRUFOODS LIMITED;;
Food Cupboard;;;;KENYLON TOMATO PASTE 450GM;;TRUFOODS LIMITED;;
FMCG;Sauces;;;KENYLON TOMATO PASTE 100GM;;TRUFOODS LIMITED;;
Food Cupboard;;;;KENYLON BEANS IN T/SAUCE 420GM;;TRUFOODS LIMITED;;
Beverages;;;;NESCAFE CLASSIC (S) 1.6GM;;NESTLE KENYA LIMITED;;
Beverages;;;;KEVIAN AFIA MANGO 500ML;;KEVIAN KENYA LTD.;;
Beverages;;;;KEVIAN AFIA APPLE RTD 500ML;;KEVIAN KENYA LTD.;;
Beverages;;;;KEVIAN AFIA MIXED FRUIT 500ML;;KEVIAN KENYA LTD.;;
Beverages;;;;KEVIAN AFIA MULTI VITAMIN 500M;;KEVIAN KENYA LTD.;;
Food Cupboard;;;;EXE CHAPATI 2KG;;UNGA LIMITED.;;
Food Cupboard;;;;FAMILA UJI MIX 1KG;;UNGA LIMITED.;;
Household Care;;;;SUNLIGHT YELLOW B/SOAP 700G;;UNILEVER KENYA LIMITED;;
Beauty & Hygiene;;;;GEISHA C/NUT MILK & HONEY SOAP 225G;;UNILEVER KENYA LIMITED;;
Beauty & Hygiene;;;;GEISHA ALOE VERA & HONEY SOAP 225G;;UNILEVER KENYA LIMITED;;
Beauty & Hygiene;;;;VASELINE PURE JELLY 100GM ICON;;UNILEVER KENYA LIMITED;;
Household Care;;;;VIM BLEACH POWDER 500GM;;UNILEVER KENYA LIMITED;;
Hygiene;;;;GEISHA SHEA BUTTER & HONEY 225G;;UNILEVER KENYA LIMITED;;
Food Cupboard;;;;TUZO WHOLE MILK 500ML FINO;;BROOKSIDE DAIRY LTD.;;
TKB;;;;VASELINE BABY JELLY 100ML ICON;;UNILEVER KENYA LIMITED;;
Beauty & Hygiene;;;;VASELINE C/BUTTER 100ML ICON;;UNILEVER KENYA LIMITED;;
TKB;;;;VASELINE BABY JELLY 250G ICON;;UNILEVER KENYA LIMITED;;
Beauty & Hygiene;;;;GEISHA BLACK SOAP 125G;;UNILEVER KENYA LIMITED;;
Beauty & Hygiene;;;;VASELINE I/C COCOA GLOW 400M;;UNILEVER KENYA LIMITED;;
Food Cupboard;;;;EXE MANDAZI 2KG;;UNGA LIMITED.;;
Food Cupboard;;;;TUZO UHT ESL 450ML;;BROOKSIDE DAIRY LTD.;;
Hygiene;;;;SKITTLES GREEN;;BOWIP AGENCIES LIMITED;;
Food Cupboard;;;;PK SINGLESN ASSORTED FLAVOUR;;TBC;;
Food Cupboard;;;;BLUE BAND MEDIUM FAT 500G;;UPFIELD KENYA (SALES) LTD;;
Food Cupboard;;;;BLUE BAND MEDIUM FAT 250G;;UPFIELD KENYA (SALES) LTD;;
Food Cupboard;;;;BLUE BAND PEANUT BUTTER 400G;;UPFIELD KENYA (SALES) LTD;;
Food Cupboard;;;;BLUE BAND PEANUT BUTTER 200G;;UPFIELD KENYA (SALES) LTD;;
FMCG;;;;WEETABIX 225GM;;WEETABIX EAST AFRICA LIMITED;;
Food Cupboard;;;;WEETABIX 450G;;WEETABIX EAST AFRICA LIMITED;;
Food Cupboard;;;;WEETABIX CORNFLAKES 500G;;WEETABIX EAST AFRICA LIMITED;;
Food Cupboard;;;;WEETABIX CHOCOLATE 250GM;;WEETABIX EAST AFRICA LIMITED;;
Food Cupboard;;;;ALPEN SINGLE S/BERRY 29G;;WEETABIX EAST AFRICA LIMITED;;
Commodity;Sugar;Kabras;Kabras Sugar - 2Kg;Kabras Sugar 2kg;;West Kenya Sugar;Ksh216.00;Ksh210.00
Commodity;Sugar;Kabras;Kabras Sugar - 1Kg;Kabras Sugar 1kg;;West Kenya Sugar;Ksh110.00;Ksh105.00
Household Care;;;;BELLA JUMBO ROLL 1PACK;;ZENKO KENYA LIMITED;;
TKB;;;;HANNAN WET WIPES 72'S;;ZENKO KENYA LIMITED;;
Food Cupboard;;;;CIL PISHORI AROMATIC RICE 2KG;;CAPWELL INDUSTRIES LTD.;;
TKB;;;;HANNAN ANTI-BAC WIPES 60'S;;ZENKO KENYA LIMITED;;
TKB;;;;HANNAN ANTI-BAC WIPES 20'S;;ZENKO KENYA LIMITED;;
Household care;;;;HANNAN COTTON BUDS 100S;;ZENKO KENYA LIMITED;;
LONGLIFE MILK;;;;FRESHA MAISHA L/LIFE UHT 250ML;;GITHUNGURI FARMERS CO-OP S. LTD;;
LONGLIFE MILK;;;;FRESHA MAISHA L/LIFE UHT 500ML;;GITHUNGURI FARMERS CO-OP S. LTD;;
Commodity;Milk;Mount Kenya;Mt.Kenya Uht Milk - 500ml;MT.KENYA UHT MILK 500ML POUCH;;MERU CENTRAL DAIRY CO-OPERATIVE UNION LTD;Ksh48.00;Ksh46.00
Commodity;Sugar;Lato;Lato Fino UHT - 500Ml;LATO FINO 500ML UHT;;MUSTY DISTRIBUTION LIMITED;Ksh49.00;Ksh46.00
COLD BEVERAGE;;;;FANTA BLACKCURRANT 500ML PET;;NAIROBI BOTTLERS LIMITED;;
Flour;;;;TAIFA MAIZE MEAL 2KG;;MOMBASA MAIZE MILLERS(NRB)LTD;;
Flour;;;;MAMA MAIZE MEAL 2KG;;MAMA MILLERS LTD.;;
Paper & plastic;;;;NON WOOVEN PACKAGING BAG #25;;ACE PLASTICS COMPANY LIMITED;;
Paper & plastic;;;;NON WOOVEN PACKAGING BAG #22;;ACE PLASTICS COMPANY LIMITED;;
Paper & plastic;;;;TOILEX WHITE T/PAPER;;CHANDARIA INDUSTRIES LIMITED;;
Paper & plastic;;;;VELVEX P/SERVIETTES WHITE 100'S;;CHANDARIA INDUSTRIES LIMITED;;
Paper & plastic;;;;HANNAN WHITE T/PAPER;;ZENKO KENYA LIMITED;;
Paper & plastic;;;;HANNAN PAPER SERVIETTES 100'S;;ZENKO KENYA LIMITED;;
Snacks;;;;OREO ORIGINAL BISCUIT 57GM;;HASBAH KENYA LTD.;;
Snacks;;;;GNOMIS FAR FAR 30GM;;GNOMIS QUALITY PRODUCTS LIMITED;;
Snacks;;;;OREO ORIGINAL 28.5GM;;HASBAH KENYA LTD.;;
Snacks;;;;DEEPA TOMATO CRISPS 50GM;;TROPICAL HEAT LIMITED;;
Laundry;;;;SUNLIGHT BAR SOAP 80GM;;UNILEVER KENYA LIMITED;;
Laundry;;;;SUNLIGHT YELLOW B/SOAP 175G;;UNILEVER KENYA LIMITED;;
FMCG;Cooking Ingredient;Mariandazi;Mariandazi Baking Powder - 100g;MARIANDAZI BAKING POWDER 100GM;;BIDCO AFRICA LIMITED;Ksh24.00;Ksh23.00
FMCG;Cooking Ingredient;Royco;Mchuzi Mix Beef Kora - 10g;Mchuzi Mix Beef Kora - 10g;;Unilever;Ksh10.00;Ksh5.00
Food Additive;;;;KNORR BEEF CUBES 51G;;UNILEVER KENYA LIMITED;;
Food Additive;;;;KNORR BEEF CHILLI CUBES 51G;;UNILEVER KENYA LIMITED;;
Food Additive;;;;KARA COCONUT CRM UHT 65ML;;PORTCROSS LIMITED;;
CONFECTIONERY;;;;KENAFRIC SUPER CHUNKY LOLLIPOP;;KENAFRIC INDUSTRIES LTD;;
CONFECTIONERY;;;;COLOMBINA ASS.BONBON LOLLIPOP;;SOKO SWEETY LTD;;
CONFECTIONERY;;;;TROPICAL SWEET PC;;KENAFRIC INDUSTRIES LTD;;
CONFECTIONERY;;;;TIAMO/PRESTIJ CHOCOLATES PC;;RIMWABI ENTERPRISES;;
CONFECTIONERY;;;;BIG GIANT STRAWBERRY LOLLIPOP;;KENAFRIC INDUSTRIES LTD;;
CONFECTIONERY;;;;PICTURE CANDY LOLLIPOP;;RIMWABI ENTERPRISES;;
HOT BEVERAGE;;;;CADBURY DRINK CHOCO 90G SAT;;HASBAH KENYA LTD.;;
HOT BEVERAGE;;;;MACCOFFEE CLAS.INS.COFFEE 1.6G;;ALEX AFRICA LIMITED;;
HOT BEVERAGE;;;;EXCEL RAHA D/CHOCOLATE 100G SATC;;EXCEL CHEMICALS LTD.;;
HOT BEVERAGE;;;;MACCOFFEE 3IN1 WHITE COFFEE 15G;;ALEX AFRICA LIMITED;;
HOT BEVERAGE;;;;FAHARI YA KENYA TEA 500GM;;KENYA TEA PACKERS LIMITED;;
PERSONAL CARE;;;;ALWAYS SOFT MAXI THICK LONG 16*8;;HASBAH KENYA LTD.;;
PERSONAL CARE;;;;FORTUNE HOTEL SOAP 20GM;;DIAMOND INDUSTRIES LTD.;;
PERSONAL CARE;;;;ALWAYS ULTRA NORM 16*16 U/SCEN;;HASBAH KENYA LTD.;;
PERSONAL CARE;;;;SUNNY GIRL ULTRA THIN 10'S;;BASKET TRADERS;;
PERSONAL CARE;;;;ALWAYS MAXI THICK EXTRA LONG T3;;HASBAH KENYA LTD.;;
PERSONAL CARE;;;;SAWA TOILET SOAP WHITE 250GM;;PWANI OIL PRODUCTS LTD;;
BEAUTY;;;;DARLING LONG ABUJA LINES(NEW);;STYLE INDUSTRIES LTD;;
BEAUTY;;;;DARLING SHORT ABUJA LINES(NEW);;STYLE INDUSTRIES LTD;;
BEAUTY;;;;ANGELS LONG AVVIS BRAID;;SANA INDUSTRIES CO. LTD;;
BEAUTY;;;;VASELINE COOLING  M/JELLY 100M;;UNILEVER KENYA LIMITED;;
FMCG;Household Cleaner;Msafi;Msafi White Bar Soap 1Kg;MSAFI WHITE BAR SOAP 1KG;;BIDCO AFRICA LIMITED;Ksh135.00;Ksh125.00
HOUSEHOLD ESSENTIALS;;;;RHINO KUBWA MATCH BOX - 10 S;;MATCH MASTERS LIMITED;;
HOUSEHOLD ESSENTIALS;;;;RHINO MATCH BOX 300 S;;MATCH MASTERS LIMITED;;
HOUSEHOLD ESSENTIALS;;;;FARASI MATCH BOX 10'S;;MATCH MASTERS LIMITED;;
FMCG;Household Cleaner;Rhino;Rhino Ndogo Match Box - 10 S;RHINO NDOGO MATCH BOX - 10 S;;MATCH MASTERS LIMITED;Ksh29.00;Ksh27.00
House Cleaning;;;;SOKONI STEEL WOOL 5*20GM;;STEELWOOL (AFRICA) LIMITED;;
House Cleaning;;;;SOKONI STEEL WOOL 75GM;;STEELWOOL (AFRICA) LIMITED;;
House Cleaning;;;;NGARISHA STEELWOOL 75GM;;NAPRO INDUSTRIES LIMITED;;
House Cleaning;;;;MORNING FRESH ZESTY PASTE 400G;;PZ CUSSONS EAST AFRICA LTD;;
House Cleaning;;;;VIM BLEACH POWDER 1KG;;UNILEVER KENYA LIMITED;;
House Cleaning;;;;MORNING FRESH ORIG.PASTE 400G;;PZ CUSSONS EAST AFRICA LTD;;
House Cleaning;;;;SKYBRITE PAN SCRUBBER W/SPONGE;;SKY-BRITE CONSUMER PRODUCTS LTD;;
ORAL CARE;;;;COLGATE D/ACTION T/BRUSH;;COLGATE-PALMOLIVE (E.A) LIMITED.;;
ORAL CARE;;;;COLGATE VAP D/ACTION TWIN PACK;;COLGATE-PALMOLIVE (E.A) LIMITED.;;
ORAL CARE;;;;COLGATE DENTAL CREAM 70G;;COLGATE-PALMOLIVE (E.A) LIMITED.;;
ORAL CARE;;;;COLGATE TRIPLE ACTION 70G;;COLGATE-PALMOLIVE (E.A) LIMITED.;;
ORAL CARE;;;;COLGATE DENTAL CREAM 140G;;COLGATE-PALMOLIVE (E.A) LIMITED.;;
ORAL CARE;;;;COLGATE MAXFRESH SPICY 100ML;;COLGATE-PALMOLIVE (E.A) LIMITED.;;
FATS & OILS;;;;FRESH FRI COOKING OIL 3LTR;;PWANI OIL PRODUCTS LTD;;
FATS & OILS;;;;FRESH FRI COOKING OIL 1LTR;;PWANI OIL PRODUCTS LTD;;
FATS & OILS;;;;AVENA VEGETABLE OIL 2L;;GOLDEN AFRICA KENYA LIMITED;;
SPREADS;;;;BLUE BAND MEDIUM FAT 100GM;;UPFIELD KENYA (SALES) LTD;;
SPREADS;;;;PRESTIGE MARGARINE 250GM;;KAPA OIL REFINERIES LTD;;
SPREADS;;;;BLUE BAND SPREAD BREAD 500G;;UPFIELD KENYA (SALES) LTD;;
FARMENTED MILK;;;;K.C.C PLAIN MALA 500ML TR;;NEW KENYA COOPERATIVE CREAMERIES LTD;;
FARMENTED MILK;;;;BROOKSIDE NATURAL LALA 500ML BTL;;BROOKSIDE DAIRY LTD.;;
FARMENTED MILK;;;;BROOKSIDE SWEET LALA BOTTLE 500ML;;BROOKSIDE DAIRY LTD.;;
FARMENTED MILK;;;;K.C.C PLAIN MALA 500ML TC;;NEW KENYA COOPERATIVE CREAMERIES LTD;;
FARMENTED MILK;;;;FRESHA LALA 500ML POUCH;;GITHUNGURI FARMERS CO-OP S. LTD;;
FARMENTED MILK;;;;ILARA LALA 500ML JAR;;BROOKSIDE DAIRY LTD.;;
FARMENTED MILK;;;;K.C.C PLAIN MALA 1LTR BOTTLE;;NEW KENYA COOPERATIVE CREAMERIES LTD;;
FARMENTED MILK;;;;K.C.C FILPACK MALA 500ML;;NEW KENYA COOPERATIVE CREAMERIES LTD;;
FARMENTED MILK;;;;K.C.C PLAIN MALA 500ML BOTTLE;;NEW KENYA COOPERATIVE CREAMERIES LTD;;
FARMENTED MILK;;;;FRESHA LALA 500ML TC;;GITHUNGURI FARMERS CO-OP S. LTD;;
RICE;;;;PEARL PISHORI RICE 2KG;;CAPWELL INDUSTRIES LTD.;;
RICE;;;;DAAWAT BASMATI RICE 2KG;;MJENGO LIMITED;;
RICE;;;;KINGS M.P.S MWEA SUPER 2KG;;KINGS CHOICE AFRICA;;
OFFICE STATIONERY;;;;ECONOMIC C4 MANILLA ENVELOPE;;ECONOMIC INDUSTRIES LTD;;
OFFICE STATIONERY;;;;ECONOMIC C5 MANILLA ENVELOPE;;ECONOMIC INDUSTRIES LTD;;
OFFICE STATIONERY;;;;ECONOMIC B4 MANILLA ENVELOPE;;ECONOMIC INDUSTRIES LTD;;
OFFICE STATIONERY;;;;TEEPEE EXEC SPRING FILE 115;;BRUSH MANUFACTURERS LIMITED;;
OFFICE STATIONERY;;;;KASUKU SHORT HAND N/BOOK A5;;TWIGA STATIONERS & PRINTERS LTD.;;
OFFICE STATIONERY;;;;O/POINT MULTI PUNCH A4 303;;SAI OFFICE SUPPLIES LTD;;
OFFICE STATIONERY;;;;AFRI CLEAR TAPE 24MM*35MT #701;;KARTASI INDUSTRIES LTD;;
OFFICE STATIONERY;;;;TEEPEE THERMAL ROLL 57*40MM;;BRUSH MANUFACTURERS LIMITED;;
BABY HYGIENE;;;;PAMPERS MINI UNISEX 8*10;;HASBAH KENYA LTD.;;
BABY HYGIENE;;;;PAMPERS PANTS MAXI 8*8;;HASBAH KENYA LTD.;;
BABY HYGIENE;;;;SOFTCARE GOLD DIAPER MAXI L-40;;DORISUN COMPANY LIMITED;;
Fresh;Egg;n/a;Egg - Piece;EGG;;SANIKI ENTERPRISES;Ksh13.00;Ksh12.00
Fresh;Egg;n/a;Egg - Tray (30 Pieces);Egg - Tray (30 Pieces);;;Ksh399.00;Ksh350.00
Eggs;;;;GREEN FARM Y/YOLK EGG 6 PACK;;GREEN FARM POULTRY;;
Eggs;;;;GREEN FARM Y/YOLK EGG 30PK WRAPPED;;GREEN FARM POULTRY;;
Eggs;;;;GREEN FARM Y/YOLK EGG 15PK;;GREEN FARM POULTRY;;
Eggs;;;;EGGS TRAY (30PC);;EZRA PRODUCTS OUTLETS;;
Eggs;;;;ISINYA EGGS 6 S;;ISINYA FEED LIMITED;;
Eggs;;;;ISINYA EGG TRAY 30S SHRINK WRAP;;ISINYA FEED LIMITED;;
Eggs;;;;EGGS 10PC PACK;;SOKONI GREEN GROCERS;;
Eggs;;;;ISINYA EGGS 15 S;;ISINYA FEED LIMITED;;
Eggs;;;;ISINYA EGGS 12 S;;ISINYA FEED LIMITED;;
CEREALS & PULSES;;;;AMANA NDENGU 1KG;;UNGA LIMITED.;;
CEREALS & PULSES;;;;IMPORTED RAW POPCORN 1KG;;SPICE WORLD LTD.;;
CEREALS & PULSES;;;;S.W.L POPCORN KERNELS 500GM;;SPICE WORLD LTD.;;
FMCG;Cereals;;;WEETABIX SINGLE SERVE 37GMS;;WEETABIX EAST AFRICA LIMITED;;
BREAKFAST CEREALS;;;;WEETABIX 112GM;;WEETABIX EAST AFRICA LIMITED;;
BREAKFAST CEREALS;;;;M/HARVEST CORNFLAKES 500G V/PACK;;HEALTHY U TWO THOUSAND LTD;;
BREAKFAST CEREALS;;;;CADBURY MINI LUNCH BAR;;HASBAH KENYA LTD.;;
BREAKFAST CEREALS;;;;M/HARVEST CORNFLAKES 250G BAG;;HEALTHY U TWO THOUSAND LTD;;
BREAKFAST CEREALS;;;;NUVITA CEREOS OATMEAL CEREAL 75G;;MJENGO LIMITED;;
HEALTH CARE AND NUTRITION;;;;STORESOME D/NONWOVEN MASK 3PLY;;STORESOME TRADING COMPANY LIMITED;;
HEALTH CARE AND NUTRITION;;;;PANADOL EXTRA 2PC;;GLAXOSMITHKLINE LIMITED;;
HEALTH CARE AND NUTRITION;;;;STREPSILS 2 S;;HARLEY'S LIMITED;;
HEALTH CARE AND NUTRITION;;;;DETTOL ANTICEPTIC LIQUID 250ML;;TOWFIQ KENYA LTD;;
HEALTH CARE AND NUTRITION;;;;PANADOL EXTRA 20 CAPLETS;;GLAXOSMITHKLINE LIMITED;;
HEALTH CARE AND NUTRITION;;;;ROBERTS ANTISEPTIC LIQ.50ML;;PZ CUSSONS EAST AFRICA LTD;;
BABY SKIN CARE;;;;BABY CARE PERFUMED JELLY 200G;;SULSTER INVESTMENTS LIMITED;;
BABY SKIN CARE;;;;VALON BABY JELLY PERF.100G;;CANON CHEMICALS LTD;;
BABY SKIN CARE;;;;BABY CARE PERF.PETR.JELLY 100G;;SULSTER INVESTMENTS LIMITED;;
BABY SKIN CARE;;;;CUSSONS BABY S&S PERF. 200ML;;PZ CUSSONS EAST AFRICA LTD;;
DISPOSABLE WARE;;;;TEEPEE WOODEN TOOTHPICKS TP1;;BRUSH MANUFACTURERS LIMITED;;
DISPOSABLE WARE;;;;TEEPEE WOODEN TOOTHPICKS TP2;;BRUSH MANUFACTURERS LIMITED;;
DISPOSABLE WARE;;;;TIL CLEAR GLASS 200ML 25 S;;TECHPAK INDUSTRIES LTD;;
DISPOSABLE WARE;;;;PP DISP.GLASS 200ML CLR PP20113;;BAHATI VENTURES LTD;;
DISPOSABLE WARE;;;;KENPOLY DISPOSABLE TAB/SPOONS;;KENPOLY MANUFACTURERS LIMITED;;
AIR CARE & HOME FRAGRANCE;;;;TROPIKAL LAVENDER BOUQUET 300M;;TROPIKAL BRANDS (AFRIKA) LTD;;
AIR CARE & HOME FRAGRANCE;;;;TROPIKAL OCEAN FRESH 300ML;;TROPIKAL BRANDS (AFRIKA) LTD;;
BABY FOODS;;;;NUTRISTART COW&GATE 1 400G;;TROPIKAL BRANDS (AFRIKA) LTD;;
BABY FOODS;;;;CERELAC WHEAT-HONEY BIB 400G;;NESTLE KENYA LIMITED;;
BABY FOODS;;;;CERELAC WHEAT 350G TIN;;NESTLE KENYA LIMITED;;
CANNED FOODS;;;;HEINZ BAKED BEANS IN T/S 415GM;;PONDERS LIMITED;;
CANNED FOODS;;;;SEA KORUS SARDINES T/SAUCE155G;;ARYUV AGENCIES LTD;;
CANNED FOODS;;;;KENYLON BEANS IN T/SAUCE 300GM;;TRUFOODS LIMITED;;
CANNED FOODS;;;;KENYLON SWEET CORN 420GM;;TRUFOODS LIMITED;;
CANNED FOODS;;;;SEA KORUS SARDINE VEG OIL 155G;;ARYUV AGENCIES LTD;;
CANNED FOODS;;;;SEA KORUS T/SHRED.IN S/FLOW185;;ARYUV AGENCIES LTD;;
CANNED FOODS;;;;KOL BEANS IN TOMATO SAUCE 420G;;KENYA ORCHARDS LTD;;
CANNED FOODS;;;;ARYUVA W/MUSHROOM IN BRINE 400G;;ARYUV AGENCIES LTD;;
CANNED FOODS;;;;KENYLON GITHERI 420GM;;TRUFOODS LIMITED;;
Snacks;;;;Cadbury Dairy Milk Wholenut;;World Brands;;
Snacks;;;;Cadbury Dairy Milk;;World Brands;;
Snacks;;;;Kitkat 4 Fingers;;World Brands;;
Snacks;;;;Maynard Soft Jellies Pizzy Fish;;World Brands;;
Snacks;;;;NL Smarties Hexatube Small 38g;;Best Buy;;
Snacks;;;;After Eight 300g;;Best Buy;;
Snacks;;;;Mcvities Digestive Dark;;World Brands;;
Snacks;;;;Maynard Soft Jellies Wine Gums;;World Brands;;
Snacks;;;;Toblerone 35g;;Best Buy;;
Snacks;;;;Cadnury Caramel (200g);;World Brands;;
Snacks;;;;Whipping Cream 500ml;;Fresh Cream;;
CANNED FOODS;;;;SANTA MARIA BLACK BEANS IN BRINE 400GM;;DEBENHAM & FEAR LTD;;
Snacks;;;;Nutella & Go;;HASBAH;;
CANNED FOODS;;;;SANTA MARIA RED KIDNEY IN BRINE 400GM;;DEBENHAM & FEAR LTD;;
Snacks;;;;Cheetos Flaming Hot 205g;;Best Buy;;
Snacks;;;;Cheetos Flaming Hot 50g;;Best Buy;;
Snacks;;;;Cheetos Cheese 205g;;Best Buy;;
Snacks;;;;CORNIOS NACHOS SOUR CREAM N ONION 150G;;Creative Innovations;;
Snacks;;;;Doritos Cheese 48g;;Best Buy;;
Snacks;;;;EL Sabor Nacho Chips - Cheese 225g;;OZ Foods & Beverages;;
Snacks;;;;Pringles Chedder & Cheese 158g;;Best Buy;;
Snacks;;;;"CORNITOS 12PC 4""TACO SHELLS";;Creative Innovations;;
Snacks;;;;Pringles Sour Cream & onion;;HASBAH;;
Snacks;;;;Doritos Sweet Chilli 48g;;Best Buy;;
COLD BEVERAGE;;;;1Ltr Sparkling Water;;Mayers Water;;
COLD BEVERAGE;;;;G Soda Water 500ml;;Grocery Soda;;
COLD BEVERAGE;;;;G Tonic Water 500ml;;Grocery Soda;;
COLD BEVERAGE;;;;500ml Still Water;;Mayers Water;;
COLD BEVERAGE;;;;Lemon Water 500ml;;Portcross;;
COLD BEVERAGE;;;;500Ml Sparkling Water;;Mayers Water;;
COLD BEVERAGE;;;;1Ltr Still Water;;Mayers Water;;
COLD BEVERAGE;;;;San Pellegrino Sparkling Water 1 ltr;;WOW BEVERAGES;;
COLD BEVERAGE;;;;Red Bull Energy Drink 250ml;;HASBAH;;
BREAKFAST CEREALS;;;;Nestle Cheerios;;Best Buy;;
BREAKFAST CEREALS;;;;QUAKER OATS;;Best Buy;;
BREAKFAST CEREALS;;;;Kell Cornflakes 500g;;HASBAH;;
BREAKFAST CEREALS;;;;Nestle Shreddies;;Best Buy;;
BREAKFAST CEREALS;;;;Kellogg's Frosties 500g;;HASBAH;;
BREAKFAST CEREALS;;;;Granola Dark Choc & Hazelnut 350g;;Creative Innovations;;
BREAKFAST CEREALS;;;;Granola Muesli with Nuts;;Creative Innovations;;
BREAKFAST CEREALS;;;;Granola Bar Vanilla Coating 23g;;Creative Innovations;;
BREAKFAST CEREALS;;;;Crunchy Muesli Blackbery Rasberry;;Creative Innovations;;
BREAKFAST CEREALS;;;;Mornflake OATS;;World Brands;;
Snacks;;;;Oreo Peanut Butter Choc 137g;;Best Buy;;
Snacks;;;;Maryland Real Double Choc 136g;;Best Buy;;
HOT BEVERAGE;;;;Nescafe Alta Rica 100g;;Best Buy;;
HOT BEVERAGE;;;;MacCoffee Kenya AA Ground 375g;;Alex Africa;;
HOT BEVERAGE;;;;MacCoffee Espresso Beans 375g;;Alex Africa;;
HOT BEVERAGE;;;;Twining Pure Green Tea;;NutCracker;;
TBC;;;;GLUCOSE BISCUIT;;TBC;;
TBC;;;;WEETABIX 37GMS;;TBC;;
TBC;;;;HIGH ENERGY BISCUIT 85G;;TBC;;
TBC;;;;BIGG DADDY;;TBC;;
TBC;;;;TRUFFES COCONUT SWEETS;;TBC;;
TBC;;;;ECLAIRS;;TBC;;
TBC;;;;BANANA WAFERS 15GMS;;TBC;;
TBC;;;;TROPICAL SWEET;;TROPICAL HEAT LIMITED;;
TBC;;;;TROPICAL POTATO CRISPS TOMATO 50GMS;;TROPICAL HEAT LIMITED;;
TBC;;;;QUENCHER LIFE WATER 500ML;;Quencher;;
TBC;;;;QUENCHER LIFE WATER 1 LITRE;;Quencher;;
TBC;;;;KERINGET WATER 18.9LTS;;TBC;;
TBC;;;;QUENCHER LIFE WATER 5LITRES;;TBC;;
TBC;;;;QUENCHER LIFE WATER 10LITRES;;TBC;;
TBC;;;;MARA MOJA 2S;;TBC;;
TBC;;;;ENO LEMON SACHET;;TBC;;
TBC;;;;COSMIC NUTS 100GMS;;TBC;;
TBC;;;;JUMBO CHICKEN CUBES;;TBC;;
TBC;;;;CURRY POWDER 10GMS;;TBC;;
TBC;;;;MEAT TUNA LIGHT;;TBC;;
TBC;;;;TROPICAL H PILAU MASALA 50GMS;;TBC;;
TBC;;;;FAHARI YA KENYA 50G;;TBC;;
TBC;;;;MACCOFFEE 1.6GMS;;Alex Africa;;
TBC;;;;DORMANS CLASSIC 18G;;TBC;;
TBC;;;;JIK REGULAR 750ML;;TBC;;
TBC;;;;OMO WASHING POWDER 500GMS;;TBC;;
TBC;;;;SUNLIGHT SENSATION IKG;;TBC;;
TBC;;;;ARIEL DETERGENT 200GMS;;TBC;;
TBC;;;;SAFARICOM CREDIT 50;;Safaricom;;
TBC;;;;SAFARICOM CREDIT 20;;Safaricom;;
TBC;;;;EVEREADY AAA;;TBC;;
TBC;;;;SUPPER GLUE 3G;;TBC;;
TBC;;;;QUICK HEALTHY HONEY 300G SQUEEZE JAR;;TBC;;
TBC;;;;Pepsodent;;TBC;;
TBC;;;;BULBS 0010;;TBC;;
TBC;;;;ENERGIZER AAA2;;TBC;;
TBC;;;;Candles;;TBC;;
Fresh;Fruits;n/a;Banana Cavendish - 1Kg;Banana Cavendish - 1Kg;;;;
Fresh;Vegetable;;;Carrot;;Kwikbasket;;
Fresh;Fruits;n/a;Banana Local Medium - 3 Bananas;Banana Local Medium - 3 Bananas;;;Ksh24.00;Ksh20.00
Fresh;Vegetable;n/a;Coriander - Bunch;Coriander;;Kwikbasket;;
Fresh;Vegetable;n/a;Irish Managu - 1Kg;Managu - 1Kg;;;;
Fresh;Vegetable;n/a;Irish Managu - Big Bunch (24 leaves);Managu Big Bunch (24 big leaves);;;Ksh28.00;Ksh24.00
Fresh;Vegetable;n/a;Irish Managu - Medium Bunch (20 leaves);Managu Medium Bunch (17 big leaves);;;;
Fresh;Vegetable;n/a;Irish Managu - Small Bunch (15 leaves);Managu;;Kwikbasket;Ksh20.00;Ksh17.00
Vegetables;;;;Tomato Premium;;TBC;;
Fresh;Vegetable;n/a;Kunde - 1Kg;Kunde - 1Kg;;;;
Fresh;Vegetable;n/a;Kunde - Big Bunch (24 branches);Kunde Big Bunch (24 branches);;;Ksh24.00;Ksh20.00
Fresh;Vegetable;n/a;Kunde - Small Bunch (15 branches);Kunde;;Kwikbasket;Ksh17.00;Ksh15.00
Vegetables;;;;Cucumber English;;TBC;;
Vegetables;;;;Garlic;;TBC;;
Vegetables;;;;Tomato Cherry Red Pack;;TBC;;
Vegetables;;;;Lettuce Iceberg;;TBC;;
Vegetables;;;;Spring Onion Bunch;;TBC;;
Vegetables;;;;Capsicum Yellow;;TBC;;
Vegetables;;;;Capsicum Green;;TBC;;
Vegetables;;;;Capsicum Red;;TBC;;
Vegetables;;;;Ginger Loose;;TBC;;
Vegetables;;;;Broccoli;;TBC;;
Vegetables;;;;Potato Sweet Red;;TBC;;
Vegetables;;;;Onion Yellow;;TBC;;
Vegetables;;;;Parsley Bunch;;TBC;;
Vegetables;;;;Potato Alika;;TBC;;
Vegetables;;;;Zucchini Bag;;TBC;;
Fresh;Vegetable;n/a;Onion Red Medium - 1Kg;Onion Red Medium - 1Kg;;;Ksh71.00;Ksh60.00
Fresh;Vegetable;n/a;Onion Red Small - 1Kg;Onion Red Small - 1Kg;;;Ksh71.00;Ksh60.00
Fresh;Vegetable;n/a;Onions Small - 3 Pieces;Onions Small - 3 Pieces;;;Ksh15.00;Ksh13.00
Fresh;Vegetable;n/a;Onions Medium - 3 Pieces;Onions Medium - 3 Pieces;;;Ksh24.00;Ksh20.00
Fresh;Vegetable;n/a;Onions;;;;;
"Medium - 3 Pieces""";Onion Red Medium;;Kwikbasket;;;;;
Fresh;Vegetable;n/a;Onions;;;;;
"Small - 2 Pieces""";Onion Red Small;;Kwikbasket;;;;;
Vegetables;;;;Lettuce Romaine;;TBC;;
Vegetables;;;;Potato Sweet American;;TBC;;
Vegetables;;;;Cauliflower Local;;TBC;;
Vegetables;;;;Celery Stick;;TBC;;
Vegetables;;;;Mint Bunch;;TBC;;
Vegetables;;;;Cabbage Chinese;;TBC;;
Vegetables;;;;Green Peas;;TBC;;
Fruit;;;;Grapes Red Pack;;TBC;;
Fresh;Vegetable;n/a;Onions Small - 2 Pieces;Onions Small - 2 Pieces;;;Ksh10.00;Ksh8.00
Fresh;Vegetable;n/a;Potatoes (Changi) Assorted - 1 KG;Potatoes (Changi) Assorted - 1 KG;;;Ksh48.00;Ksh40.00
Fresh;Vegetable;n/a;Spinach - 1Kg;Spinach - 1Kg;;;;
Fresh;Vegetable;n/a;Spinach - Big Bunch (25 big leaves);Spinach Big Bunch (24 big leaves);;;Ksh29.00;Ksh21.00
Fresh;Vegetable;n/a;Spinach - Medium Bunch (17 big leaves);Spinach Medium Bunch (17 big leaves);;;Ksh20.00;Ksh18.00
Fresh;Vegetable;n/a;Spinach - Small Bunch (14 big leaves);Spinach;;Kwikbasket;Ksh17.00;Ksh15.00
Fresh;Vegetable;n/a;Sukuma Big Bunch (25 big leaves);Sukuma;;Kwikbasket;Ksh30.00;Ksh27.00
Fresh;Vegetable;n/a;Sukuma Medium Bunch (20 big leaves);Sukuma;;;Ksh19.00;Ksh16.00
Fresh;Vegetable;n/a;Sukuma Small Bunch (15 big leaves);Sukuma;;;Ksh17.00;Ksh15.00
Fresh;Vegetable;n/a;Sukuma - 1Kg;Sukuma - 1Kg;;;;
FMCG;Cooking Ingredient;Royco;Royco - Bouillon Beef Cube 4g;Royco - Bouillon Beef Cube 4g;;UNILEVER KENYA LIMITED;Ksh2.00;Ksh2.00
FMCG;Cooking Ingredient;Royco;Royco - Bouillon Beef Cube 4g*40;Royco - Bouillon Beef Cube 4g*40;;;;
Fruit;;;;Raspberry;;TBC;;
Fruit;;;;Strawberry;;TBC;;
Fruit;;;;Banana Small;;TBC;;
Fruit;;;;Blueberry;;TBC;;
Fruit;;;;Avocado Fuerte;;TBC;;
Fruit;;;;Orange Valencia;;TBC;;
Fruit;;;;Apple Fuji;;TBC;;
Fruit;;;;Apple Red;;TBC;;
Fruit;;;;Passion Fruit Black;;TBC;;
Fruit;;;;Banana Plantain;;TBC;;
Fruit;;;;Tangerine Import;;TBC;;
Fruit;;;;Pineapple Gold;;TBC;;
Fruit;;;;Paw Paw Premium ;;TBC;;
Fruit;;;;Passion Fruit Yellow;;TBC;;
Fruit;;;;Apple Crisp Red;;TBC;;
Fruit;;;;Banana Matoke;;TBC;;
Fruit;;;;Orange Local;;TBC;;
Fruit;;;;Avocado Hass;;TBC;;
Fruit;;;;Apple Green;;TBC;;
Fruit;;;;Watermelon;;TBC;;
Fruit;;;;Kiwi Pack;;TBC;;
Fruit;;;;Pear Green;;TBC;;
Fruit;;;;Pear Red;;TBC;;
TBC;;;;Home Baking Flour 2kg - Pack Of 12;;Grain Industries - Retail;;
TBC;;;;Soap Original 90g (Buy 5pcs Get 1pc FREE);;Towfiq Kenya Limited;;
TBC;;;;Fino Milk 500ml â€“ Pack of 12;;Devyani - Retail;;
TBC;;;;Premium White Sugar â€“ 2kg x 10 Bale);;Menengai Oil - Retail;;
TBC;;;;My Daily Essential Item X 40;;Chandaria Industries Ltd (B2S);;
TBC;;;;My Daily Essential Item - 4 Pack;;Chandaria Industries Ltd (B2S);;
TBC;;;;Pure Glycerine- 40ml;;Lâ€™OrÃ©al Kenya B2S;;
TBC;;;;Liquid 50ml (Buy 10pcs Get 2pcs FREE);;Towfiq Kenya Limited;;
TBC;;;;Golden Fry Vegetable Oil - 500ml - Pack Of 12;;Bidco Africa Ltd;;
TBC;;;;Cooking Fat - 5kg Carton;;Bidco Africa Ltd;;
TBC;;;;Cooking Oil - 20Ltr;;Bidco Africa Ltd;;
TBC;;;;Vegetable Oil - 1Ltr - Pack Of 12;;Bidco Africa Ltd;;
TBC;;;;My Daily Essential Item X 12;;Chandaria Industries Ltd (B2S);;
TBC;;;;Jumbo Roll Toilet Paper;;Kim-Fay East Africa;;
TBC;;;;Ufuta Vegetable Cooking Oil - 1L - Pack Of 12;;Bidco Africa Ltd;;
TBC;;;;Yello Gold Cooking Fat - 10Kg;;Bidco Africa Ltd;;
TBC;;;;Iodized Table Salt 200g - Pack of 30;;Kensalt;;
TBC;;;;Quality White Serviette;;Kim-Fay East Africa;;
TBC;;;;Ufuta Vegetable Cooking Oil - 10L;;Bidco Africa Ltd;;
TBC;;;;Cocoa Butter Lotion-200ml;;Lâ€™OrÃ©al Kenya B2S;;
TBC;;;;Msafi Clear Washing Bar Soap -700g X 12;;Bidco Africa Ltd;;
TBC;;;;Bahari Fry Cooking Oil - 100ml - 36 Sachets;;Bidco Africa Ltd;;
FMCG;Household Cleaner;Sokoni;Sokoni Steel Wool - Satchet;SOKONI STEEL WOOL- SATCHET;;STEELWOOL (AFRICA) LIMITED;Ksh4.50;Ksh4.00
TBC;;;;White Washing Powder 1kg Sachet -6 Units;;Bidco Africa Ltd;;
TBC;;;;Cocoa Butter Glycerine â€“ 40ml;;Lâ€™OrÃ©al Kenya B2S;;
TBC;;;;Cocoa Butter Lotion-400ml;;Lâ€™OrÃ©al Kenya B2S;;
TBC;;;;Chipsy Cooking Fat - 10kg;;Bidco Africa Ltd;;
TBC;;;;Vegetable Cooking Fat - 5Kg Carton;;Bidco Africa Ltd;;
TBC;;;;Cooking Oil - 10Ltr;;Bidco Africa Ltd;;
TBC;;;;Msafi White Washing Powder 500g X 12 PCs;;Bidco Africa Ltd;;
TBC;;;;Ufuta Vegetable Cooking Oil - 100ml - 36 Sachets;;Bidco Africa Ltd;;
FMCG;Household Cleaner;Sunlight;Sunlight Tablet Yellow - 50g;Sunlight Tablet Yellow - 50gr;;Unilever;Ksh10.00;Ksh9.00
Commodity;Oil;Ufuta;Ufuta Cooking Oil - 1L;UFUTA COOKING OIL 1LTR;;BIDCO AFRICA LIMITED;Ksh255.00;Ksh247.00
FMCG;Beauty;;;Cocoa Butter Lotion - 100ml;;L'Oreal;;
TBC;;;;Kubwa Match Box - Pack of 10 (OUTERS);;Mahitaji - Retail;;
TBC;;;;Vegetable Oil - 2Ltr - Pack Of 6;;Bidco Africa Ltd;;
FMCG;Household Cleaner;;;Powder Lavender - 40g;;Gamaag Agencies LTD;;
TBC;;;;Cream Bar Soap â€“ 1kg x 20 Bale;;Menengai Oil - Retail;;
TBC;;;;Cooking Oil - 5Ltr - Pack Of 4;;Bidco Africa Ltd;;
TBC;;;;Bahari Fry Cooking Oil - 200ml - 24 Sachets;;Bidco Africa Ltd;;
Commodity;Oil;Ufuta;Ufuta Vegetable Cooking Oil - 500ml;Ufuta Vegetable Cooking Oil - 500ml;;Bidco Africa Ltd;Ksh145.00;Ksh139.00
TBC;;;;Veg Curry Soft Cube 6's;;Gamaag Agencies LTD;;
TBC;;;;Cool Lotion â€“ 100ml;;Lâ€™OrÃ©al Kenya B2S;;
TBC;;;;Body Milk Lotion â€“ 100ml;;Lâ€™OrÃ©al Kenya B2S;;
Commodity;Oil;Ufuta;Ufuta Vegetable Cooking Oil - 5L;Ufuta Vegetable Cooking Oil - 5L;;Bidco Africa Ltd;;
FMCG;Hygiene;;;Geisha Bar Coconut & Honey - 125 gr;;Unilever;;
FMCG;Beauty;Vaseline;Vaseline Pure Jelly - 50g;VASELINE PURE JELLY 50GM ICON;;UNILEVER KENYA LIMITED;Ksh49.00;Ksh45.00
Fresh;Vegetable;n/a;Terrere - 1Kg;Terrere - 1Kg;;;;
Fresh;Vegetable;n/a;Terrere - Big Bunch (20 branches);Terrere Big Bunch (20 branches);;;Ksh24.00;Ksh20.00
Fresh;Vegetable;n/a;Terrere - Small Bunch of (15 branches);Terrere;;Kwikbasket;Ksh20.00;Ksh17.00
Fresh;Vegetable;n/a;Tomato Medium - 3 Pieces;Tomato;;;Ksh24.00;Ksh20.00
Fresh;Vegetable;n/a;Tomato ;;;;;
"Medium - 3 Pieces""";Tomato;;Kwikbasket;;;;;
Fresh;Vegetable;n/a;Tomato ;;;;;
"Medium - 4 Pieces""";Tomato ;;;;;;;
"Small - 4 Pieces""";;Unilever;;;;;;
Fresh;Vegetable;n/a;Tomato  Medium - 4 Pieces;Tomato  Medium - 4 Pieces;;;Ksh30.00;Ksh25.00
Fresh;Vegetable;n/a;Tomato Medium - 1Kg;Tomato Medium - 1Kg;;;Ksh67.00;Ksh60.00
Fresh;Vegetable;n/a;Coriander - 3 Bunch;Coriander - 3 Bunch;;;;
Fresh;Fruits;n/a;Local Orange - 1 Piece;Local Orange - 1 Piece;;;;
Fresh;Fruits;n/a;Local Orange - 1 Kg;Local Orange - 1 Kg;;;;
Fresh;Fruits;n/a;Apple Mango - 1 Piece;Apple Mango - 1 Piece;;;;
Fresh;Fruits;n/a;Local mango - 1 Piece;Local mango - 1 Piece;;;;
Fresh;Fruits;n/a;Watermerlon Medium - 1 Full (7 to 8 kg);Watermerlon Medium - 1 Full (7 to 8 kg);;;Ksh40.00;Ksh35.00
Fresh;Fruits;n/a;Watermerlon;;;;;
"Medium - 1 Full (7 to 8 kg)""";Watermelon;;Kwikbasket;;;;;
